0
0.135359
0.185359
0.235359
0.285359
0.335359
0.385359
0.435359
0.485359
0.535359
0.585359
0.635359
0.685359
0.735359
0.787443
0.835359
0.885359
0.935359
0.985359
1.035359
1.085359
1.135359
1.185359
1.235359
1.285359
1.335359
1.385359
1.435359
1.485359
1.535359
1.585359
1.635359
1.685359
1.735359
1.785359
1.835359
1.885359
1.935359
1.985359
2.035359
2.085359
2.135359
2.185359
2.235359
2.285359
2.335359
2.385359
2.435359
2.485359
2.535359
2.585359
2.635359
2.685359
2.735359
2.785359
2.835359
2.885359
2.935359
2.985359
3.035359
3.085359
3.135359
3.185359
3.285359
3.387443
3.485359
3.585359
3.687443
3.785359
3.885359
3.985359
4.085359
4.185359
4.285359
4.383276
4.485359
4.587443
4.685359
4.785359
4.885359
4.985359
5.085359
5.183276
5.283276
5.383276
5.483276
5.583276
5.685359
5.783276
5.887443
5.983276
6.085359
6.183276
6.283276
6.385359
6.485359
6.585359
6.683276
6.785359
6.885359
6.985359
7.083276
7.187443
7.285359
7.383276
7.483276
7.585359
7.689526
7.785359
7.883276
7.985359
8.085359
8.183276
8.285359
8.383276
8.483276
8.585359
8.683276
8.785359
8.883276
8.987443
9.085359
9.185359
9.285359
9.385359
9.485359
9.583276
9.685359
9.783276
9.885359
9.985359
10.085359
10.185359
10.285359
10.383276
10.485359
10.585359
10.683276
10.785359
10.883276
10.985359
11.083276
11.185359
11.285359
11.385359
11.487443
11.585359
11.685359
11.783276
11.885359
11.985359
12.087443
12.183276
12.285359
12.385359
12.485359
12.587443
12.685359
12.785359
12.883276
12.983276
13.087443
13.183276
13.285359
13.381193
13.487443
13.583276
13.685359
13.785359
13.883276
13.983276
14.085359
14.187443
14.285359
14.381193
14.487443
14.583276
14.687443
14.783276
14.885359
14.983276
15.085359
15.185359
15.283276
15.385359
15.483276
15.583276
15.685359
15.783276
15.885359
15.983276
16.087443
16.185359
16.283276
16.385359
16.483276
16.585359
16.685359
16.783276
16.885359
16.985359
17.085359
17.185359
17.287443
17.385359
17.485359
17.583276
17.685359
17.783276
17.887443
17.985359
18.085359
18.183276
18.693693
19.189526
19.689526
20.191609
20.695776
21.191609
21.693693
22.189526
22.689526
23.189526
23.689526
24.191609
24.689526
25.191609
25.691609
26.191609
26.693693
27.191609
27.691609
28.191609
28.687443
29.187443
29.693693
30.193693
30.689526
31.185359
31.691609
32.191609
32.693693
33.191609
33.687443
34.191609
34.691609
35.193693
35.691609
36.193693
36.691609
37.191609
37.689526
38.191609
38.691609
39.189526
39.691609
40.189526
40.689526
41.189526
41.691609
42.187443
42.693693
43.189526
43.691609
44.187443
44.691609
45.189526
45.689526
46.189526
46.687443
47.189526
47.691609
48.189526
49.189526
50.189526
51.187443
52.187443
53.187443
54.187443
55.189526
56.189526
57.189526
58.189526
59.191609
60.191609
61.189526
62.191609
63.191609
64.193693
65.193693
66.193693
67.191609
68.191609
69.195776
70.195776
71.195776
72.195776
73.187443
74.193693
75.191609
76.191609
77.193693
78.193693
79.193693
80.189526
81.195776
82.193693
83.193693
84.193693
85.193693
86.193693
87.191609
88.189526
89.189526
90.189526
91.189526
92.191609
93.189526
94.191609
95.191609
96.189526
97.189526
98.189526
103.179109
108.185359
113.179109
118.181193
123.166609
128.183276
133.166609
138.185359
143.170776
148.185359
153.170776
158.177026
163.187443
168.170776
173.189526
178.170776
183.183276
188.172859
193.187443
198.172859
203.181193
208.170776
213.183276
218.170776
223.170776
228.191609
233.172859
238.189526
243.170776
248.183276
253.170776
258.191609
263.166609
268.174943
273.170776
278.189526
283.170776
288.185359
293.177026
298.168693
303.177026
308.183276
313.177026
318.191609
323.172859
328.185359
333.170776
338.183276
343.172859
348.183276
353.172859
358.183276
363.172859
368.183276
373.170776
378.189526
383.174943
388.187443
393.174943
398.193693
403.172859
408.189526
413.172859
418.187443
423.174943
428.181193
433.172859
438.185359
443.168693
448.181193
453.166609
458.189526
463.174943
468.185359
473.166609
478.187443
483.172859
488.168693
493.191609
498.168693
508.185359
518.185359
528.185359
538.183276
548.185359
558.183276
568.183276
578.183276
588.187443
598.179109
608.187443
618.189526
628.187443
638.189526
648.189526
658.185359
668.185359
678.183276
688.183276
698.183276
708.181193
718.187443
728.183276
738.181193
748.187443
758.187443
768.189526
778.174943
788.189526
798.185359
808.185359
818.181193
828.181193
838.183276
848.185359
858.183276
868.181193
878.183276
888.185359
898.183276
908.183276
918.183276
928.185359
938.185359
948.179109
958.185359
968.187443
978.185359
988.185359
998.183276
1098.172859
1198.170776
1298.177026
1398.170776
1498.170776
1598.174943
1698.172859
1798.172859
1898.168693
1998.177026
2098.179109
2198.170776
2298.177026
2398.181193
2498.172859
2598.170776
2698.172859
2798.170776
2898.166609
2998.170776
3098.170776
3198.172859
3298.168693
3398.174943
3498.170776
3598.170776
3698.170776
3798.174943
3898.177026
3998.166609
4098.168693
4198.172859
4298.177026
4398.170776
4498.170776
4598.172859
4698.166609
4798.179109
4898.172859
4998.179109
5098.181193
5198.174943
5298.168693
5398.177026
5498.172859
5598.179109
5698.174943
5798.179109
5898.179109
5998.170776
6098.177026
6198.172859
6298.170776
6398.172859
6498.170776
6598.172859
6698.170776
6798.172859
6898.170776
6998.172859
7098.170776
7198.172859
7298.172859
7398.179109
7498.174943
7598.172859


























































































































































































































































































































































































































































































































